,variable,vi,std,low,high
0,age,0.009461856889414543,0.0008363178961402509,0.007789221097134041,0.011134492681695045
1,internet_use_bin,0.008633944411590756,0.0008021679459639982,0.007029608519662759,0.010238280303518752
2,educ,0.007214665878178583,0.002062163899960139,0.003090338078258305,0.01133899367809886
3,infs_newspaper,0.006505026611472453,0.0009895446795198928,0.0045259372524326675,0.008484115970512239
4,employed,0.00615020697811941,0.0011588360699151556,0.003832534838289099,0.00846787911794972
5,male,0.006031933767001729,0.0012628123302224994,0.0035063091065567304,0.008557558427446727
6,neighb_poor,0.004257835600236515,0.001017424632411894,0.002222986335412727,0.006292684865060303
7,married,0.004139562389118834,0.0008363178961402038,0.0024669265968384263,0.005812198181399241
8,employed_pub_sec,0.004021289178001153,0.0006896454044760801,0.0026419983690489923,0.005400579986953313
9,above_medinc,0.00366646954464811,0.00068964540447608,0.00228717873569595,0.00504576035360027
10,below_medinc,0.00366646954464811,0.0010839918852645312,0.0014984857741190474,0.005834453315177172
11,infs_socmed,0.00366646954464811,0.0009461856889414477,0.0017740981667652145,0.005558840922531005
12,orgmem,0.003429923122412748,0.001017424632411894,0.00139507385758896,0.005464772387236536
13,neighb_mixed,0.003193376700177386,0.0010968206381425942,0.0009997354238921977,0.005387017976462575
14,internet,0.003075103489059705,0.00068964540447608,0.001695812680107545,0.004454394298011866
15,infs_face2face_tel,0.002720283855706662,0.0010310819499800452,0.0006581199557465717,0.004782447755666753
16,in_capital,0.0026020106445889812,0.0008021679459639525,0.0009976747526610763,0.004206346536516886
17,retired,0.0024837374334713003,0.00044253783403594486,0.0015986617653994104,0.00336881310154319
18,locvote,0.0024837374334713003,0.0009461856889414477,0.0005913660555884048,0.004376108811354196
19,infs_television,0.0023654642223536193,0.0006478090567772467,0.001069846108799126,0.0036610823359081125
20,neighb_rich,0.0021289178001182574,0.0002897090174787889,0.0015494997651606796,0.002708335835075835
21,employed_priv_sec,0.0021289178001182574,0.0006030774114243344,0.0009227629772695885,0.003335072622966926
22,unemp,0.0018923713778828954,0.001017424632411894,-0.0001424778869408925,0.003927220642706683
23,housewife,0.0018923713778828954,0.00068964540447608,0.0005130805689307354,0.0032716621868350555
24,selfemp,0.0014192785334121716,0.0006030774114243344,0.00021312371056350274,0.00262543335626084
25,infs_radio,0.0007096392667060858,0.00023654642223536193,0.00023654642223536193,0.0011827321111768097
26,student,0.00047309284447072386,0.00044253783403594486,-0.00041198282360116586,0.0013581685125426137
