,variable,vi,std,low,high
0,age,0.03549132947976878,0.0024414696048488792,0.030608390270071024,0.040374268689466544
1,infs_television,0.026242774566474013,0.0037567807651495574,0.018729213036174898,0.03375633609677313
2,internet_use_bin,0.019306358381502874,0.0026005137292952722,0.01410533092291233,0.024507385840093418
3,unemp,0.01826589595375725,0.0016990680296761892,0.014867759894404873,0.02166403201310963
4,married,0.01260115606936416,0.002294732166621874,0.008011691736120412,0.01719062040260791
5,infs_socmed,0.010982658959537605,0.0017909749577837755,0.007400709043970053,0.014564608875105156
6,male,0.010289017341040485,0.0009944884701783444,0.008300040400683797,0.012277994281397173
7,employed_priv_sec,0.009132947976878646,0.0009248554913294738,0.007283236994219699,0.010982658959537595
8,orgmem,0.009132947976878626,0.0018424713815617447,0.005448005213755136,0.012817890740002115
9,educ,0.008554913294797694,0.0016102182979403845,0.0053344766989169255,0.011775349890678462
10,internet,0.008439306358381481,0.0018497109826589393,0.004739884393063602,0.01213872832369936
11,above_medinc,0.008092485549132954,0.0013678797186357674,0.0053567261118614195,0.01082824498640449
12,below_medinc,0.007283236994219666,0.0006936416184971428,0.00589595375722538,0.008670520231213952
13,selfemp,0.006358381502890165,0.0013181218787273118,0.0037221377454355413,0.008994625260344788
14,infs_face2face_tel,0.006242774566474018,0.001434644352137691,0.003373485862198636,0.0091120632707494
15,employed,0.005549132947976898,0.0007840843911127457,0.003980964165751407,0.007117301730202389
16,employed_pub_sec,0.005317919075144517,0.0028646269811246007,-0.00041133488710468416,0.011047173037393719
17,housewife,0.00439306358381506,0.0014894911822803442,0.0014140812192543714,0.007372045948375748
18,student,0.00393063583815032,0.0005663560098920368,0.002797923818366246,0.005063347857934394
19,in_capital,0.003930635838150298,0.0006740984849531965,0.0025824388682439054,0.005278832808056692
20,neighb_mixed,0.003583815028901749,0.0006740984849531965,0.002235618058995356,0.004932011998808142
21,neighb_poor,0.002080924855491317,0.0004624277456647618,0.0011560693641617936,0.0030057803468208407
22,infs_newspaper,0.0015028901734104316,0.000693641618497091,0.00011560693641624953,0.0028901734104046137
23,neighb_rich,0.0015028901734103872,0.00046242774566471743,0.0005780346820809523,0.002427745664739822
24,infs_radio,0.00011560693641619047,0.0002312138728323809,-0.00034682080924857133,0.0005780346820809523
25,retired,-0.00023121387283238094,0.0002831780049460456,-0.0007975698827244722,0.0003351421370597103
