,variable,vi,std,low,high
0,protest,0.022594142259414206,0.003010084473882644,0.016573973311648917,0.028614311207179496
1,infs_socmed,0.021876867901972498,0.0020217016766632015,0.017833464548646094,0.025920271255298902
2,internet_use_bin,0.019246861924686186,0.0021183556660692602,0.015010150592547665,0.023483573256824708
3,age,0.006335923490735196,0.001230798582305698,0.0038743263261238,0.008797520655346593
4,campaign_attend,0.006335923490735196,0.0015402389392379357,0.0032554456122593244,0.009416401369211068
5,petit,0.004423191870890597,0.0008107985634339567,0.002801594744022684,0.006044788997758511
6,income,0.004303646144650309,0.0010283712214037687,0.002246903701842771,0.006360388587457846
7,educ,0.004184100418409997,0.0005346247405857323,0.0031148509372385326,0.005253349899581462
8,orgmem,0.002988643156007198,0.0010001913048823137,0.0009882605462425706,0.0049890257657718255
9,internet,0.0014345487148834657,0.0012875468755850783,-0.0011405450362866909,0.004009642466053622
10,student,0.0008368200836820217,0.00029282603021915323,0.0002511680232437152,0.0014224721441203282
11,infs_television,0.0008368200836820217,0.0006095659908658536,-0.0003823118980496856,0.002055952065413729
12,unemp,0.0007172743574417328,0.00023909145248057764,0.00023909145248057756,0.001195457262402888
13,infs_face2face_tel,0.0007172743574417328,0.0008784780906574598,-0.0010396818238731867,0.002474230538756652
14,neighb_rich,0.000597728631201444,0.0,0.000597728631201444,0.000597728631201444
15,housewife,0.00047818290496115523,0.0006970653789414696,-0.000915947852921784,0.0018723136628440945
16,employed_priv_sec,0.0003586371787208664,0.00029282603021915323,-0.00022701488171744005,0.0009442892391591729
17,employed_pub_sec,0.0003586371787208664,0.00047818290496115523,-0.000597728631201444,0.0013150029886431769
18,married,0.00023909145248057762,0.00029282603021915323,-0.00034656060795772885,0.0008247435129188841
19,male,0.00011954572624028881,0.00044729914964423197,-0.0007750525730481751,0.0010141440255287527
20,infs_radio,0.0,0.0,0.0,0.0
21,infs_newspaper,0.0,0.0,0.0,0.0
22,retired,0.0,0.0,0.0,0.0
23,selfemp,0.0,0.0003780367794582701,-0.0007560735589165402,0.0007560735589165402
24,in_capital,0.0,0.0,0.0,0.0
25,neighb_mixed,0.0,0.0003780367794582701,-0.0007560735589165402,0.0007560735589165402
26,charity,-0.00011954572624028881,0.000447299149644232,-0.001014144025528753,0.0007750525730481752
27,employed,-0.00023909145248057762,0.0006095659908658537,-0.001458223434212285,0.0009800405292511298
28,neighb_poor,-0.00023909145248057762,0.00029282603021915323,-0.0008247435129188841,0.00034656060795772885
