,variable,vi,std,low,high
0,age,0.03205417607223473,0.0019020654115522368,0.028250045249130256,0.035858306895339205
1,income,0.015349887133182815,0.0016510991916848447,0.012047688749813126,0.018652085516552504
2,educ,0.013656884875846464,0.0016510991916848432,0.010354686492476778,0.016959083259216152
3,male,0.013318284424379212,0.002538876270700222,0.008240531882978769,0.018396036965779655
4,internet_use_bin,0.01264108352144464,0.003082731441026586,0.006475620639391468,0.018806546403497812
5,unemp,0.01117381489841982,0.0007486737675745645,0.00967646736327069,0.01267116243356895
6,neighb_rich,0.010609480812641037,0.0009029345372460779,0.008803611738148882,0.012415349887133192
7,housewife,0.00902934537246045,0.0026709163806318786,0.0036875126111966935,0.014371178133724207
8,neighb_mixed,0.009029345372460428,0.0013354581903159675,0.006358428991828494,0.011700261753092363
9,infs_socmed,0.008916478555304686,0.001400640366364691,0.006115197822575304,0.011717759288034068
10,country_of_origin_jordan,0.008465011286681668,0.0006181970175001986,0.007228617251681271,0.009701405321682064
11,married,0.007223476297968334,0.0016510991916848538,0.003921277914598627,0.010525674681338042
12,locvote,0.006997742663656848,0.0013637749405863001,0.0042701927824842474,0.009725292544829449
13,infs_television,0.0067720090293453385,0.0014276648578638157,0.0039166793136177075,0.00962733874507297
14,in_capital,0.005756207674943536,0.0023240700092521586,0.0011080676564392189,0.010404347693447853
15,neighb_poor,0.005643340857787749,0.0013823305546180348,0.0028786797485516793,0.008408001967023819
16,retired,0.004514672686230225,0.0008742626063673497,0.002766147473495526,0.006263197898964925
17,infs_face2face_tel,0.0042889390519186945,0.0009169343571823801,0.002455070337553934,0.006122807766283454
18,orgmem,0.003837471783295654,0.0012050878388297115,0.0014272961056362309,0.0062476474609550765
19,employed_priv_sec,0.003047404063205361,0.00045146726862302367,0.002144469525959314,0.0039503386004514085
20,employed,0.0025959367945823653,0.0009839501001220488,0.0006280365943382676,0.0045638369948264625
21,internet,0.002370203160270834,0.0009029345372460445,0.0005643340857787449,0.004176072234762923
22,employed_pub_sec,0.0020316027088035592,0.0007654999980954011,0.000500602712612757,0.0035626027049943613
23,infs_radio,0.0019187358916477938,0.00027646611092363237,0.001365803669800529,0.0024716681134950586
24,student,0.0006772009029344828,0.0005529322218471967,-0.0004286635407599105,0.0017830653466288761
25,infs_newspaper,0.0005643340857787171,0.0,0.0005643340857787171,0.0005643340857787171
26,selfemp,0.00011286681715569902,0.000658120981359524,-0.001203375145563349,0.0014291087798747471
