,variable,vi,std,low,high
0,age,0.057336343115124165,0.004000010191121733,0.0493363227328807,0.06533636349736763
1,educ,0.04311512415349887,0.003164299270626685,0.036786525612245505,0.04944372269475224
2,income,0.033069977426636574,0.0018750843934352435,0.029319808639766087,0.03682014621350706
3,married,0.02471783295711063,0.0027040967383094457,0.019309639480491737,0.03012602643372952
4,user_facebook,0.024379232505643333,0.004590225599923874,0.015198781305795585,0.03355968370549108
5,male,0.02189616252821671,0.0020000050955608765,0.017896152337094958,0.025896172719338462
6,retired,0.01783295711060946,0.002037863440775136,0.013757230229059187,0.02190868399215973
7,country_of_origin_jordan,0.016478555304740405,0.0014888155709111576,0.01350092416291809,0.01945618644656272
8,campaign_attend,0.015462753950338581,0.0030827314410265725,0.009297291068285436,0.021628216832391727
9,neighb_mixed,0.01467268623024831,0.0014716032517387504,0.01172947972677081,0.01761589273372581
10,housewife,0.014559819413092544,0.001400640366364675,0.011758538680363195,0.017361100145821894
11,infs_television,0.014559819413092544,0.0028419138401837717,0.008875991732725002,0.020243647093460087
12,charity,0.014221218961625292,0.0017988010666488842,0.010623616828327524,0.01781882109492306
13,socmed_use_bin,0.014221218961625292,0.0025588677310958404,0.009103483499433612,0.019338954423816973
14,in_capital,0.013882618510157995,0.003837471783295691,0.006207674943566613,0.021557562076749377
15,infs_socmed,0.013318284424379235,0.0025388762707002285,0.008240531882978777,0.01839603696577969
16,neighb_rich,0.011625282167042904,0.0021885687843866087,0.007248144598269687,0.01600241973581612
17,user_whatsapp,0.011060948081264099,0.0016199435772468662,0.007821060926770367,0.014300835235757831
18,protest,0.01083521444695259,0.001967900200244116,0.006899414046464359,0.014771014847440821
19,user_youtube,0.010270880361173828,0.0015309999961908237,0.007208880368792181,0.013332880353555475
20,locvote,0.009819413092550789,0.001266926880397492,0.007285559331755806,0.012353266853345772
21,neighb_poor,0.00914221218961624,0.00022573363431153127,0.008690744920993178,0.009593679458239301
22,infs_face2face_tel,0.008690744920993244,0.0014973475351491793,0.005696049850694885,0.011685439991291603
23,unemp,0.008465011286681734,0.0017845810723297725,0.004895849142022188,0.012034173431341279
24,student,0.008352144469525969,0.0014006403663646464,0.005550863736796676,0.011153425202255263
25,internet_use_bin,0.007336343115124144,0.0031723407048657487,0.0009916617053926467,0.013681024524855642
26,petit,0.006207674943566599,0.0007980889178177933,0.004611497107931012,0.007803852779202185
27,internet,0.005981941309255068,0.0010466838031033536,0.0038885737030483606,0.008075308915461776
28,employed,0.005530474040632072,0.001094284392193325,0.003341905256245422,0.007719042825018722
29,user_instagram,0.0054176072234763065,0.0014541872152059796,0.0025092327930643474,0.008325981653888266
30,selfemp,0.00530474040632054,0.001046683803103344,0.003211372800113852,0.007398108012527228
31,orgmem,0.0050790067720090535,0.0012868797123015106,0.0025052473474060323,0.007652766196612075
32,employed_pub_sec,0.004401805869074504,0.00042230896013249866,0.003557187948809507,0.005246423789339502
33,user_snapchat,0.003950338600451464,0.0012363940350003566,0.0014775505304507508,0.006423126670452178
34,infs_radio,0.00338600451467268,0.000713832428931921,0.001958339656808838,0.004813669372536522
35,user_twitter,0.002934537246049684,0.0012568316846117283,0.0004208738768262275,0.005448200615273141
36,employed_priv_sec,0.0025959367945824095,0.00084461792026503,0.0009067009540523496,0.00428517263511247
37,infs_newspaper,0.0006772009029345494,0.0004223089601324868,-0.0001674170173304242,0.001521818823199523
38,user_telegram,0.0004514672686230403,0.00042230896013249866,-0.000393150651641957,0.0012960851888880376
