,variable,vi,std,low,high
0,infs_socmed,0.08875855327468234,0.01132233214902854,0.06611388897662526,0.11140321757273941
1,age,0.04809384164222881,0.003880632109732002,0.040332577422764804,0.055855105861692816
2,retired,0.02561094819159344,0.0016817840209271983,0.022247380149739045,0.028974516233447836
3,above_medinc,0.0250244379276638,0.004526231438041171,0.015971975051581457,0.034076900803746146
4,educ,0.017986314760508337,0.0018130241437919752,0.014360266472924387,0.021612363048092286
5,locvote,0.015835777126099692,0.0027230475615218196,0.010389682003056053,0.02128187224914333
6,male,0.012707722385141751,0.004327652711862921,0.00405241696141591,0.02136302780886759
7,orgmem,0.012707722385141729,0.002050457181173315,0.0086068080227951,0.016808636747488358
8,in_capital,0.012316715542521983,0.0022799420898710833,0.007756831362779816,0.01687659972226415
9,internet_use_bin,0.010752688172043001,0.0036575341024183165,0.003437619967206368,0.018067756376879636
10,infs_television,0.008797653958944274,0.006856570055425284,-0.004915486151906295,0.022510794069794844
11,married,0.008602150537634402,0.0019937515204663855,0.004614647496701631,0.012589653578567173
12,student,0.008211143695014656,0.001704359313212383,0.00480242506858989,0.011619862321439422
13,housewife,0.008015640273704782,0.0029906272806995778,0.0020343857123056265,0.013996894835103937
14,below_medinc,0.0064516129032258,0.0022799420898710833,0.0018917287234836338,0.011011497082967968
15,employed_pub_sec,0.006256109481915928,0.00219452046145099,0.0018670685590139484,0.010645150404817907
16,employed,0.0056695992179863096,0.0011399710449355417,0.0033896571281152262,0.007949541307857393
17,employed_priv_sec,0.0029325513196480912,0.0015143629897194188,-9.617465979074643e-05,0.005961277299086929
18,infs_radio,0.002541544477028346,0.00047888362517755153,0.0015837772266732429,0.003499311727383449
19,unemp,0.002346041055718473,0.0015882773029591308,-0.0008305135501997887,0.005522595661636735
20,internet,0.0017595307917888548,0.0014366508755326547,-0.0011137709592764545,0.004632832542854164
21,selfemp,0.0017595307917888548,0.0003910068426197455,0.0009775171065493637,0.002541544477028346
22,infs_face2face_tel,0.0009775171065493637,0.0006182361016946972,-0.00025895509684003074,0.0022139893099387582
23,infs_newspaper,0.0003910068426197455,0.0018130241437919249,-0.0032350414449641043,0.004017055130203596
