,variable,vi,std,low,high
0,age,0.09750889679715305,0.0018979833926453082,0.09371293001186243,0.10130486358244367
1,locvote,0.05836298932384343,0.0037624558783282743,0.050838077567186876,0.06588790108049998
2,protest,0.03107947805456701,0.006514605085525985,0.01805026788351504,0.04410868822561898
3,educ,0.024317912218268112,0.001984958544564803,0.020347995129138506,0.02828782930739772
4,campaign_attend,0.024317912218268112,0.003636941807059497,0.01704402860414912,0.03159179583238711
5,infs_television,0.023368920521945412,0.0030613257178087757,0.01724626908632786,0.029491571957562964
6,infs_socmed,0.016844602609727154,0.003530931451040877,0.0097827397076454,0.02390646551180891
7,charity,0.014472123368920498,0.003450305948339008,0.0075715114722424825,0.021372735265598512
8,married,0.013641755634638209,0.000750243810241606,0.012141268014154997,0.01514224325512142
9,internet_use_bin,0.01328588374851718,0.0020061132295714863,0.009273657289374208,0.01729811020766015
10,male,0.011743772241992856,0.002663101342899587,0.006417569556193682,0.01706997492779203
11,internet,0.010320284697508874,0.0014816128110079082,0.007357059075493058,0.01328351031952469
12,housewife,0.009964412811387869,0.0012097317944466828,0.007544949222494503,0.012383876400281234
13,employed,0.009608540925266907,0.0008717045347982842,0.00786513185567034,0.011351949994863475
14,petit,0.009371293001186243,0.0015647575276717344,0.006241777945842774,0.012500808056529712
15,neighb_mixed,0.009371293001186243,0.0013731716373416574,0.006624949726502929,0.012117636275869557
16,neighb_poor,0.008185053380782925,0.0010204419059362357,0.006144169568910454,0.010225937192655396
17,infs_radio,0.008066429418742605,0.0013833812324662762,0.005299666953810052,0.010833191883675156
18,unemp,0.006880189798339265,0.003151917023863912,0.0005763557506114408,0.013184023846067087
19,orgmem,0.006049822064056953,0.002354618415335611,0.001340585233385731,0.010759058894728175
20,retired,0.005575326215895626,0.0002905681782660665,0.004994189859363493,0.006156462572427759
21,in_capital,0.005456702253855306,0.0012097317944466677,0.0030372386649619703,0.007876165842748641
22,employed_pub_sec,0.0046263345195729725,0.0008717045347982782,0.002882925449976416,0.006369743589169529
23,infs_newspaper,0.004389086595492309,0.00029056817826606657,0.0038079502389601755,0.004970222952024442
24,employed_priv_sec,0.004270462633451965,0.0008717045347982782,0.002527053563855409,0.006013871703048522
25,infs_face2face_tel,0.004270462633451965,0.0016522406022756813,0.0009659814289006028,0.007574943838003328
26,neighb_rich,0.003914590747330959,0.00047449584816133263,0.002965599051008294,0.004863582443653624
27,selfemp,0.003202846975088969,0.0012776191713248957,0.0006476086324391775,0.00575808531773876
28,student,0.0008303677342822891,0.0004744958481613714,-0.0001186239620404537,0.001779359430605032
