,variable,vi,std,low,high
0,user_facebook,0.062396204033214685,0.007636287990240118,0.04712362805273445,0.07766878001369493
1,educ,0.04816132858837481,0.004029724258947328,0.040101880070480156,0.056220777106269465
2,age,0.03119810201660731,0.005027193380881892,0.02114371525484353,0.041252488778371094
3,male,0.017437722419928782,0.004812683932408277,0.0078123545551122275,0.027063090284745336
4,internet_use_bin,0.01008303677342819,0.002372479240806619,0.005338078291814952,0.014827995255041427
5,socmed_use_bin,0.009845788849347503,0.0026151136043948506,0.004615561640557802,0.015076016058137204
6,protest,0.009252669039145855,0.0022065332429108417,0.004839602553324171,0.013665735524967538
7,user_youtube,0.009252669039145855,0.0035902125623776134,0.002072243914390628,0.016433094163901082
8,orgmem,0.008896797153024872,0.0017594776956336184,0.005377841761757636,0.012415752544292108
9,petit,0.008659549228944186,0.0011000733683862178,0.00645940249217175,0.01085969596571662
10,married,0.005693950177935903,0.0012213084390257116,0.0032513332998844796,0.008136567055987327
11,infs_socmed,0.005456702253855217,0.0035269439495417398,-0.0015971856452282624,0.012510590152938697
12,user_telegram,0.005219454329774576,0.0012665573252706225,0.002686339679233331,0.007752568980315821
13,employed_pub_sec,0.005219454329774553,0.0005811363565322011,0.004057181616710151,0.006381727042838956
14,infs_newspaper,0.004863582443653569,0.0006916906162331067,0.0034802012111873554,0.006246963676119782
15,internet,0.004626334519572906,0.0027920764640426586,-0.0009578184085124114,0.010210487447658224
16,housewife,0.004507710557532585,0.0031519170238639162,-0.0017961234901952474,0.010811544605260417
17,student,0.003914590747330915,0.0009637056233257116,0.0019871795006794917,0.005842001993982339
18,in_capital,0.0036773428232502515,0.00044385022381659305,0.0027896423756170654,0.004565043270883438
19,user_whatsapp,0.003440094899169588,0.0018905548577116335,-0.00034101481625367896,0.007221204614592855
20,locvote,0.0033214709371292674,0.0008045468544632656,0.0017123772282027362,0.004930564646055798
21,neighb_poor,0.003202846975088924,0.004479527304507501,-0.0057562076339260785,0.012161901584103928
22,employed,0.0029655990510082607,0.0009924792722823981,0.0009806405064434645,0.004950557595573057
23,user_twitter,0.002491103202846934,0.00044385022381659305,0.0016034027552137477,0.00337880365048012
24,infs_face2face_tel,0.002372479240806591,0.0007502438102415884,0.0008719916203234143,0.003872966861289768
25,infs_radio,0.0020166073546855844,0.0008877004476331979,0.00024120645941918856,0.0037920082499519805
26,employed_priv_sec,0.0015421115065242796,0.0008045468544632459,-6.698220240221211e-05,0.0031512052154507716
27,campaign_attend,0.0015421115065242796,0.0006048658972233501,0.00033237971207757946,0.00275184330097098
28,selfemp,0.0010676156583629525,0.0011501019827796963,-0.0012325883071964401,0.0033678196239223454
29,neighb_mixed,0.0009489916963226319,0.0019346982716844621,-0.002920404847046292,0.004818388239691556
30,user_instagram,0.0009489916963226098,0.00047449584816133263,-5.551115123125783e-17,0.001897983392645275
31,neighb_rich,0.0008303677342822891,0.0006048658972233327,-0.0003793640601643764,0.002040099528728955
32,user_snapchat,0.00047449584816132705,0.0005811363565321875,-0.0006877768649030478,0.001636768561225702
33,infs_television,0.00023724792408064133,0.002668380042515314,-0.0050995121609499865,0.005574008009111269
34,retired,0.00011862396204032066,0.00023724792408064133,-0.000355871886120962,0.0005931198102016033
35,charity,-0.00023724792408068572,0.0014333387869032623,-0.00310392549788721,0.002629429649725839
36,unemp,-0.0004744958481613493,0.0014720846555149355,-0.0034186651591912205,0.0024696734628685216
