,variable,vi,std,low,high
0,income,0.06286619160728424,0.0024836717563512635,0.05789884809458171,0.06783353511998677
1,educ,0.04798099762470309,0.004818724957942343,0.038343547708818405,0.05761844754058778
2,age,0.04418052256532064,0.005285295096842015,0.033609932371636606,0.05475111275900467
3,internet_use_bin,0.03832145684877273,0.0038333233371053697,0.03065481017456199,0.04598810352298347
4,charity,0.035471100554235926,0.0019651106327776206,0.031540879288680684,0.03940132181979117
5,orgmem,0.02802850356294535,0.001468506491764954,0.02509149057941544,0.03096551654647526
6,socmed_use_bin,0.02596991290577988,0.004517923236005399,0.01693406643376908,0.03500575937779068
7,neighb_mixed,0.025494853523357074,0.0031030748918868508,0.01928870373958337,0.03170100330713078
8,petit,0.022802850356294525,0.003103074891886822,0.01659670057252088,0.02900900014006817
9,user_youtube,0.02185273159144894,0.003190727106826571,0.015471277377795797,0.02823418580510208
10,user_whatsapp,0.021536025336500387,0.0010503958164229453,0.019435233703654495,0.02363681696934628
11,infs_television,0.01868566904196356,0.002159648724780025,0.01436637159240351,0.023004966491523608
12,locvote,0.01726049089469517,0.0024223370610892228,0.012415816772516724,0.022105165016873613
13,protest,0.016785431512272363,0.0021480063287807635,0.012489418854710835,0.02108144416983389
14,male,0.016310372129849558,0.0027700484061022744,0.01077027531764501,0.021850468942054106
15,user_facebook,0.015201900237529676,0.002806024567960312,0.009589851101609051,0.0208139493734503
16,neighb_poor,0.013776722090261262,0.001777509447398525,0.010221703195464213,0.01733174098505831
17,married,0.013460015835312733,0.0015835312747426776,0.010292953285827378,0.01662707838479809
18,housewife,0.012826603325415676,0.0009233494687007265,0.010979904388014224,0.014673302262817128
19,user_twitter,0.01235154394299287,0.0018466989374015252,0.00865814606818982,0.01604494181779592
20,in_capital,0.012193190815518595,0.0030294737085841826,0.00613424339835023,0.01825213823268696
21,campaign_attend,0.012034837688044342,0.0013622051095870974,0.009310427468870147,0.014759247907218536
22,student,0.009817893903404595,0.0014685064917649804,0.006880880919874635,0.012754906886934557
23,internet,0.00934283452098179,0.0015352905328317693,0.006272253455318252,0.012413415586645328
24,infs_face2face_tel,0.008709422011084733,0.0022947548291669816,0.00411991235275077,0.013298931669418698
25,unemp,0.008551068883610458,0.0009233494687007722,0.006704369946208913,0.010397767821012002
26,neighb_rich,0.008551068883610458,0.002473554925069426,0.003603959033471605,0.013498178733749311
27,employed,0.008551068883610435,0.001362205109587118,0.005826658664436199,0.011275479102784671
28,selfemp,0.008234362628661928,0.0016303452321436564,0.004973672164374616,0.01149505309294924
29,infs_socmed,0.007917656373713378,0.0024015440836267885,0.0031145682064598014,0.012720744540966954
30,infs_radio,0.0060174188440221595,0.0011850062982656743,0.003647406247490811,0.008387431440553508
31,infs_newspaper,0.005542359461599355,0.0017346715993829546,0.002073016262833446,0.009011702660365264
32,employed_pub_sec,0.005384006334125102,0.0009233494687007607,0.0035373073967235806,0.007230705271526623
33,employed_priv_sec,0.00538400633412508,0.0005925031491328312,0.0041990000358594175,0.006569012632390743
34,user_instagram,0.004433887569279449,0.0010740031643903909,0.0022858812404986674,0.0065818938980602305
35,retired,0.0041171813143309425,0.00031670625494855113,0.0034837688044338402,0.004750593824228044
36,user_snapchat,0.0020585906571654712,0.000387884361485875,0.0012828219341937213,0.002834359380137221
37,user_telegram,0.0012668250197941378,0.0003878843614858206,0.0004910562968224965,0.002042593742765779
