,variable,vi,std,low,high
0,age,0.10023752969121139,0.004325099060569333,0.09158733157007272,0.10888772781235005
1,income,0.08060174188440224,0.004348228097465079,0.07190528568947208,0.0892981980793324
2,educ,0.0806017418844022,0.006478946174340074,0.06764384953572204,0.09355963423308235
3,internet_use_bin,0.03974663499604118,0.0015352905328317693,0.03667605393037764,0.04281721606170472
4,campaign_attend,0.03927157561361838,0.0022727949476496197,0.03472598571831914,0.04381716550891762
5,protest,0.031037212984956476,0.002621210666230719,0.025794791652495038,0.036279634317417916
6,male,0.027711797307996843,0.002401544083626788,0.022908709140743267,0.032514885475250416
7,orgmem,0.0205859065716548,0.0015835312747426778,0.017418844022169446,0.023752969121140156
8,user_youtube,0.019952494061757742,0.0017633457997878203,0.0164258024621821,0.023479185661333384
9,locvote,0.016785431512272363,0.0025237335630259833,0.011737964386220396,0.02183289863832433
10,charity,0.01599366587490101,0.003222009493171132,0.009549646888558746,0.022437684861243274
11,housewife,0.015518606492478205,0.0018466989374015328,0.011825208617675139,0.01921200436728127
12,selfemp,0.014410134600158341,0.0018330699766888542,0.010743994646780632,0.01807627455353605
13,infs_radio,0.013776722090261284,0.0014685064917649515,0.010839709106731382,0.01671373507379119
14,petit,0.01330166270783848,0.0022056038443680464,0.008890455019102387,0.01771287039657457
15,socmed_use_bin,0.013301662707838457,0.003793871274967825,0.005713920157902807,0.020889405257774107
16,infs_face2face_tel,0.013143309580364226,0.0015515374459433913,0.010040234688477444,0.016246384472251008
17,unemp,0.011876484560570088,0.0018055034443375231,0.008265477671895042,0.015487491449245135
18,user_facebook,0.009184481393507537,0.0012864668890951601,0.006611547615317216,0.011757415171697858
19,infs_television,0.009026128266033263,0.001977829928233857,0.005070468409565549,0.012981788122500976
20,neighb_mixed,0.00902612826603324,0.0009501187648456237,0.007125890736341993,0.010926365795724487
21,married,0.008709422011084711,0.001324877318343746,0.006059667374397219,0.011359176647772203
22,employed,0.008551068883610435,0.0018330699766888677,0.0048849289302327,0.01221720883698817
23,neighb_rich,0.006809184481393493,0.001468506491764954,0.003872171497863585,0.0097461974649234
24,in_capital,0.006492478226444965,0.001362205109587118,0.0037680680072707286,0.0092168884456192
25,employed_pub_sec,0.006492478226444965,0.0016148913740594555,0.0032626954783260536,0.009722260974563876
26,user_twitter,0.006334125098970689,0.0014163534299286168,0.0035014182391134552,0.009166831958827922
27,student,0.005542359461599378,0.0016608216123042766,0.0022207162369908247,0.00886400268620793
28,user_whatsapp,0.005542359461599355,0.0011197257025915331,0.003302908056416289,0.007781810866782422
29,user_instagram,0.005384006334125102,0.0013622051095870998,0.0026595961149509023,0.008108416553299302
30,neighb_poor,0.00538400633412508,0.0010503958164229386,0.003283214701279203,0.007484797966970958
31,infs_newspaper,0.004117181314330964,0.0009233494687007264,0.0022704823769295114,0.005963880251732417
32,infs_socmed,0.003958828186856689,0.001939421807429248,7.998457199819313e-05,0.007837671801715185
33,retired,0.00364212193190816,0.0008074456870297288,0.0020272305578487022,0.005257013305967617
34,employed_priv_sec,0.0020585906571654712,0.000387884361485875,0.0012828219341937213,0.002834359380137221
35,user_telegram,0.00174188440221692,0.00031670625494855113,0.0011084718923198176,0.002375296912114022
36,internet,0.0011084718923198844,0.0008074456870297288,-0.0005064194817395733,0.002723363266379342
37,user_snapchat,-0.00015835312747427554,0.0003167062549485511,-0.0007917656373713777,0.0004750593824228266
